0033467
0068646
0034583
0081398
0045152
0031381
0056172
0108052
0052357
0032138
0021749
0049730
0076759
0054215
0062622
0043014
0061722
0017925
0047296
0038650
0071315
0053291
0032551
0083866
0056592
0031679
0044706
0042192
0036775
0078788
0033870
0071562
0073486
0029583
0075686
0050212
0036868
0040897
0057012
0059742
0024216
0061418
0064665
0032904
0046303
0025316
0044081
0047396
0006864
0120737
0055614
0075314
0077416
0066026
0053125
0073195
0075148
0015864
0073440
0023969
0034240
0069704
0068327
0074958
0043265
0082971
0061184
0105695
0084805
0066921
0120815
0111161
0064115
0102926
0061811
0109830
0074119
0027977
0065214
0053604
0054331
0018455
0120338
0064276
0026778
0091763
0050083
0029947
0167404
0028333
0084707
0099685
0067116
0110912
0067328
0097216
0083658
0035575
0114709
0052618